Números Aleatorios Generados:
153031
713006
789181
548956
504531
642506
052681
414456
176031
532006
196181
919956
767531
181506
619681
265456
879031
391006
723181
650956
110531
960506
906681
276456
062031
690006
570181
341956
333531
379506
113681
047456
525031
829006
937181
592956
236531
838506
440681
178456
068031
208006
024181
003956
619531
737506
087681
269456
491031
227006
031181
174956
282531
476506
254681
920456
594031
286006
158181
705956
025531
455506
141681
731456
177031
785006
605181
196956
648531
074506
948681
302456
040031
124006
572181
247956
951531
733506
875681
233456
983031
703006
259181
458956
734531
832506
122681
124456
806031
922006
866181
429956
797531
771506
889681
575456
309031
181006
593181
760956
